100 500
30 5 10 6
0 0 100 0 0 70
20 20 20
-100.63 92.35 43.81
-101.77 103.38 43.59
-90.66 101.26 59.16
-100.87 90.49 57.62
-102.32 105.42 54.93
-100.70 109.15 43.67
-91.35 109.33 46.51
-107.90 90.55 48.96
-100.32 99.21 52.98
-91.18 103.23 56.70
98.87 -96.19 53.44
106.82 -95.51 55.05
96.81 -106.16 65.56
104.22 -90.94 65.71
104.83 -104.92 55.62
93.03 -103.11 66.20
95.57 -93.09 55.00
90.22 -101.88 69.11
106.40 -91.96 65.20
93.24 -102.68 60.11
-47.36 -50.01 44.41
-42.37 -58.19 37.22
-40.76 -44.48 30.97
-45.48 -51.46 49.70
-57.50 -54.93 31.41
-54.32 -44.78 30.84
-43.86 -48.58 39.91
-41.51 -48.59 45.33
-55.39 -54.97 34.95
-47.99 -45.21 39.93
119.00 123.09 84.85
115.73 121.03 80.74
123.93 127.33 83.31
126.06 115.34 72.37
125.05 116.72 88.52
117.77 113.33 73.01
120.61 110.74 77.02
121.42 116.74 72.67
112.36 124.68 86.81
111.27 129.00 71.90
-98.04 175.18 -65.68
60.43 -173.94 -73.71
143.63 14.77 -14.18
-104.06 -149.47 -144.28
-10.05 149.69 -159.51
134.23 -103.85 6.91
122.18 -3.60 55.40
-5.42 -17.90 -137.79
188.55 108.59 152.46
151.58 -137.29 -53.81
-6.86 -110.91 60.15
-163.68 -198.19 -172.06
100.68 61.16 195.25
105.41 194.94 -161.23
68.58 -195.69 58.26
-84.93 95.86 -131.01
-180.76 -108.24 -8.76
191.46 -164.02 95.79
6.78 -116.39 -85.46
170.03 -94.34 11.32
